83 184 380
434
340 390
137
156 243 376
0 40 177 276 341
89
124
167 326
204
316
293
196 256 426
151 180
66 73 89 202 229 343 386
355
80 204
30
231
91
65
38 89 161 343
94 374
114
94 342 372
9
195 221 237 256
45
93
38 73 185
74
82
28
24 60
376
270 426
340
125
319
319
372
23 156 400
124
340 390
250
425
158 291
121 156 221 390
143
141
270
41 237 256
374 429
151 164 212
60 80 81 94
18
290
37 255 339 382
145
60
99
340
388
316 433
250
31 151 256 374
378
8 340 349
318
340
54
31 132 221 256
288 340
341
125 151 342
15 323
384
172 320
228 393
221 299
242 382
340 397
8 336
0 80 160 266 341 388
426
143
83 376
340
235 380
342
151 402
187 221
167 340
184
153 390
231
251
292 316 340
21 80 81
340 390
340
236 316
397
31 374
331
15 270 393
19
97
99
5 195 374
374
6
394
126 156 177 206 211 229 400 432
175
151 340
270
268
423
156
426
286
290 437
31 160 374
146 256
94 255
324
297 374
77 161
297 374
121
270
195
390
335
169 176 426
167 340 424
60
143
316
321
16 275
41 47 237 256
147
262 269
10 127 322 347 372
196
145
270
37 311
252 263
119 204
69
29 323
60 86 372
318
132
282
356 437
156 319
190 268
340 398
374
17 208
374
88 154
85 167
376
372 380
319
383 390
125 339
149 255
340
127 388
0 341 348
233
340 397
221 343
171 221
331
157
89 374
89 340 358
356
221
92 249 304
297 374
91
143 193
160 374
401
83 340
81
274 376
74
318
123
76
81 83 376
60
124
157
207 374
91
183
124 319
98 390
40
173
132
398
340 390
183
370
282
340
119 374
331
218
151
143
372
340
18
275
45 190
376
222
234
372
372
132
435
114
194
122
221 285 328
72 138
340
340 390
60 170
139
358
248 325
31 221 256 315
374
221
60
366 374
78
245 357
84 258
272
256
144
309
284
434
377
0 38 341
41 223
340
340
112 390
374
31 374
81 255
254
9
232 246
231
264 372
397
0 41 47 176 185 237 294
400
100 103 287 333 334 340
156
221 417
81
372
15
247
372
54
359
238 402
122
115 156
270 370
187
8 340
17 38 66 256 315
271 357
34
120 416
375
340
411
15 255
374 419
124
139
116
221 348
134 374
317 340 428
399
390
390
281
27 397
382
119 221 256 315
221
8 340
3
96 201
340 390
295
381
187 426
180 318 374 403
81
64 156
221 285 356
187
56 124
57 131 211 328
63 340
286
221 380
89 151 285
19 44 120 152 173 178 228 380 416
298
382 434
185 430
157 272
340
75 349
343
376
382
340
218
15 151 160 374
54
36
40
36 281
141 183 221
319 369
385
339
124
367
179
340
256
397
125 374
259
124
319 340
155
221 256 315 427
105
17 256 395
256
376
4
434
426
337 415
374
356
18 108 181 195 237 289 292 319 391
374
340
96 368
101 182
261 327
89
233
286
1
285
264
34
318
394
5 41
83
7 15 125 140 141 167 203 256 283 342 362 393
195 340
200
152 372
5 196 237
374
345
340
41 240
151 330
60 372
118 319
11 83
358
340
382
109
166
285 319
89 161 343
340
391
270
124
179
340 390
251 390
273
188
390
70 252 355 420
283
319
37 181
142 156
156 376
153 340 390
138 232
151
374
188
15 374
40
376
272 341
80 377
151
231
223
388
145
386
382
297 390
340 361
265
110 127 270 308 404
397 398
342
31 129 195 228 229 347 395
19 151
171 221
221 314 328
226
83
80 376
309
273
151
124
270 343
272
341
340 377
15 41
373 390
8
60 221
114
231
99
38 252
37 355
132 366 393
55 71 89 130 168 207 221 248 366 379 415
239 397
374 384
137
376
204
12
142
90
358
273
376
0 118 196
83 424
72 156
174 221 246 329
270
282
97 162
260
184
221
187
124 229
378
8
383
101 292 298
143
60 221
5 151 196 221
215 350
271 292 408
372
50 323
229 270
90
340 397
45
357
49 201
340
346 383
190 257
62 156 428
316
381
275
221
11 16 156
69
0 2 38 73 185
60 160 374
340 357 397
85 270
257 374
192 270
45
17 63 80 104 152
80 184
91 190
190 380
52
244
275
41
195 270 342
221
138 220
68 170 303
250 380
18 342
157 424
366
90
0 203
340
256
195 398
270
282
214
196
79 363 376
221
339 340
17 60
41 127 256 315
346 374
199
89 270
343
11 156
394
221
18
132
121
340
60
285 374
319 374
237
41 59 83 152 163 217 335 351 406 414
340
92
114
66 169 176 270 341
376
75 349
88
156 177 413
128 157
19 319
283
270 344
121
8 389
114
157
25 150
255
319
283 342 364
357
122
248
196 305 374 379
114 195
230
388
45
8 340
89
340
255
250
374
95
372
285
366
352 362
17 80 83 347
91
409
151 195 231 340
371 421
340
418
8 369
40
151 340 398
41 152 282 406
18
53
8 340
338
196 356
70
8 336 340
60
270
117
413
38
300
151 301 402
382
60
253
397
157 382
250 436
224 269 342 354 377 416
160 374
189 237 286 322 365 414
67 197
221 237 256
87 301 336 357 369 412
157 339
89 165 256
340
43 340
21 83
279
0 203 257
238 340
191
127 374
84 148
282
398
41 402
89 278 343
181 183
21
340
17 315 317
149 181 198 248 269 283 313 356 374 410
0 190 229 257 407
83 89
265
136 161 317
221 283
380
41
184
15 213
129
124
302
382
19 201
355 387
45 91
124
35
342
106 181
124
77 270
17
248
292 360
186
201
270
19 91 180
111 223 434
366 374
20 252 382
241
29
337
190 277
318
94 374
8 340 398
49
114 159 339
14 270 391
5 31 51 94
73 135 176 227 270 392
33
340 390
307
107 270
8 336 340
22 340
63 113 172 353
171
37 167 255 339 340
237
8 46 102 154 252 361
31 256 315 426
184
374
340 402
85
332
177 422
394 397
372
124
382
7 18
124
296
270
151 340
124
60
42
390
171 190
316
134 374
252
0 343
89 161 256 335 343 396 431
215
13 73 94 133 227 308 347 374 392 425
241
172
54 114
270
340
216
117
151 223 339
151 340 390
85
196 221
32
151
143
219
143
81 89 161
284 390
366
255 418
289
331
26 48
151 372
91 241
45
316
275
37 382
310
124
60 184
244
196
372
190 380
325
424
256 341 372 396
367
15 256 306 315
196 372 384
270
340
209 256
223 340
81 84 195
83 98 372
47 221 315
157
45 347
84
270
267 366
119 205
160 255
38 39 58 66 73 210 217 270 280 341 412
374
61 374
60 62
72 138
268
174 401 405
340
221 246
237
15 256 286 315
256 285 342
135 136 225 312 386 392 412
342 379
376
221
63 270
17
14 376