383 384 385 386 205 387 388 389 390 391 392
383 384 462 385
383 384 385 386 387 388 389 390
383 384 385 386 387 388 389 390 391
383 384 385 386 387 388 389 390 391
383 384 385 386 387 388
383 384 385 386 387 388 389 390 391 392
383 384
383 384 385 386 387 388 389
383 384 385 355 386 387 388 389 390 391
383 384 385 386
200 383 315 384 385 386
9 383 384 385 386 387
383 384
383 384 143 385 386 387 388
383 355 343 384 385 386 387
383 384 385 386 387 388 389 390 391
383 384 252 385 386 387 388 389 462
285 383 384 385 386 387
383 384 385 386 387
383 384 385 386 387 388 389 390 391
383 384 385 386 387 388 389 390 391
383 384 385 318 49 386 387 388 389 390
383 384 385 386 387 388 389 390 391 392
383 68 384 385 386 285 387 388 389
383 53 384 385 386 387
383 384 385 386 387 388 389
420 383 384 385 386
383 384 385 386 387 388 389 390 391 392 393
296 383 384 385 500 386 387 388 389
383 384 385 386 387 144 388
383 384
383 384 385 386 387 388 171 389 390 391
383 384 385 386 387 388 389 390
383 384 385 386 387 318 388 389 390 391
156 383 384 385
383 384 385 386 387 388 389 131 390 391 392
473 13 207 383 384
383 156 384 385 386
383 118 355
383 384 385
420 383
383 183
383 384 385
420 383 384 385 386 387 388 84 389 390
383 384 77 385 386 387 388 389 390 391 392
383 384 385 386 387 131 388 389 390 391 392
383 384 385 386 387 388 389
306 383
383 384 364 385 404 386 480 387
383 384 385 386 387 388 389 131 390 391 392
215 383 384 385 386 387
383 384 35 385 386 387 388 355 389 390 391
383 159 384 385 386 387 388
383 384
57 383 384 385
383 384 385 386 387 232 388 389 390
194 383 384 385 386 387 388
383 384 385 386 307 191 387 388
383 384 285 385 386
383 384 497 385
383 384 385 386 387 388 389
383 384 365 385 386 387 307
383 384 385 386 387 388 389 390 391 392 393
383 384 385 386 387
383 384 385 386 387 388 389 390 391 392
383 384 385 386 387
383 384 385 386 387 388 389 205 390
383 384 355 385 386
279 334 383 384 385 386 387 388 389 390
383 384 385 386 387 388 389 390 391 392
383 205 384 385 500
383 384 385 386 387 388 389 390 318 391
191 383 384 385 386 74 387 205 388 389 390
383 384 385 42
383 384 385 461 212 439 386
145 292 383 384 385 420 386 387
383 384 385 386 387 388 389 390 453 391 392
383 384 385 386 387
383 384 385 386 387 388 389 390
383 384 385 386 387
383 384 428 385 386
383 384 385
176 383 384 385 386
490 383 473 384 385 386 387 388 389 390
383 384 385 194 386
383 384
191 383 384
383 384 385 386 387 388 389 191 390 391 392
457 383 121 485 384 385 306 386 387
309 383 243 306
383 384 131 385 386 387 388
383 384 385 386 387 388 389 390 391 392 393
383 384 235 385
383 384 385 386 176 387 170 285 388 389 390
383 384 385 386 387 388 389 390 391
383 384 385 2 386 387 388 389 390 391 392
462 383 384 385 474
383 384
383 384 53
122 383 384
383 482 384 385 386 387 388 133
383 384 208 385 114 285 386 387 388 389 390
383 384 171 385 386 132 387
383 384 385 386 387 388 392 389
383 384 385 386 387 388 389
383 384 385 386 387 388 389
383 384 385 386 387 388 389 188 390
84 383 384 385 386 387 388
383 384 385 386 285 355 387 388
383 384 385 386 232 387 283 388
383 384 385 87
383 384 385 386 387 243 388 198 389 390
383 384 462 385 241 386
383 384 385 386 387
383 384 385 386 131 387 388 389
383 384 385 386
383 384 385 386
383 384 385 386 387 388 389 390
383 384 385 355 386
383 384 72 385 386
383 384 385 420
383 384
383 384
383 384 385
383 306 384 461 385 205 331
383 210 384 385 386 387 388
383 384 385 386 387
383 384 385 386 387 388 228 389
383 384 385 386 205 483 387 388 389 390 391
383 243 384 385 386 387 388 389
383 384 385 386 387 388 389 390 391
383 384 385 386
383 205 315 384 385 386
383 384 385 386 387 131
383 384 385 306
383 384 385 386 387 388 389 390
383 384 385
383 384 385 386 387 388
383 384 385 386 387 388 389
374 383 384 385 386 387 388
383 384 385 386
383 384 385 386 364 387 388 389 390
383 384 385 386
383 384 385 386 387 388 389 390 391
383 35 420 384 385 386 387 388 389 390
383 483 384 385 386
383 384 385 386 387 52 465 388 389 390
383 384 297 385
355 383 384
383 384 385 302 386
383 384 385 386 256 387 388 389
383 384 385 386 387 388
134 383 384 385 386 387 388 389 390 391 392
383 384 385 386
383 384 385 386 355 387 388 389 390
383 384
383 384 385 386 387 388 389 390
383 384 385
383 384 385 386 387 388 472
383 384 385 386 387 388 389 390 391 392 393
383 384 385 386 387 388 389
383 384 385 386 387 388
383 207 131 384 385 205 386
383 285 384 385 421
383 184 384 355
383 384 385 386
306 383
383 384 420 385 386 387 388 389
383 420 490 384 385 500
475 383
383 384 385 386 387
383 384 385 386 387 388 389 390 391 392
383 384 385 386 387
383 384
383 384 385 386 387 388 389 390 391
383 384 74
383 384 385 386 387 388 389
328 383 384 385 191 386 387
383 384 385 386 387 388 389 390 191
383 384 385 386 387 388 33 389 390 391
383 74 384 385
383 384 385 386 387 388 389 390 391 392
383 384 385
37 383
383 384 385 386 387 388 389
383 384 385
383 384 385 386
383 384 119 385 386 306 387 388 389 390
420 383 384 385
383 384 385 386
383 74 384 385 386 387 388 131 389 390
383 285 384 385 386 119 387 388 263 389
383 384
383 384 385 386 387 205
383 384 385 386 387 388 389 289 390 391
383 483
462 383 207 384 385 386 387 388 389 390
383 59
383 384 385 386 387 388
383 384 385 386 387 388 389
383 384 94 385 386 387 388 389 336 462
383 384 385 386
383 69 384 385 386 387 388 389 390 391
140 383
383 384 385 386 161 387 388 389 390
383 384 7 385 355
383 355
383 384 385 386 387 388 389 390
383 384 385 386
383 384
383 384 385 386 387
383 384 385 418 386 387 388 389 390
383 384 385 386
383 384 385 205 386 387
383 384 191
383 384 205 385 386 387 388 389 390
383 384 385 386 387 388 389 390 391 392 245
383 384
383 452 384
383 384 385 205
383 384 385 386 306 387 388 389 390 391
383 384 385 386 387 388 389 390 391
383 384 385 386
383 384 385 386 387
383 384 385 386 387 263 388 389 390 391 392
383 384 385 386 387 420 388
383 384 385 386 387 388 389
383 384
383 384 385 386 387 388 389 390
420 383 384 385 386 387 328 388 389 390
352 383 384 385
383 405 384 385 386 387 388
383 17 384 385 361 386
383 384 385 386 387
383 384
383 384 449 385 131 386 387
383 384 385 131 386 387 388
383 384 385 386 420 387 388 389 390
420 383 206 384 385 386 322 387
383 384 385 386 171 387 388 389 390 318
383 384
383 285 384 251
383 384 385 386 387
383 384 385 386 387 388 389 390 391
383 384 385 386
383 384 385
383 384 385 386 387 388
383 384 385 386 42 387 205 388 389 390 391
383 384 385 386 387 477 388 389 390 391 392
383 384 385 386 387 388 389 168
383 384 385 386 387 388 389 390 391 392 166
383 384 385 386 205
383 384 232 385
383 384 462 355 385 489 386
383 384 385
205 383
383 384
383 384 420 385 386 387 388 389 390 391 483
383 384 385 386 387 388 10 121 389 390 391
383 384 385 386 387 388 389 390 391 392
383 384 385 386
383 384 385 386
256 383 384 385 386 191
90 383 384 385 386 387 388 389 390
383 384 385 386 387 388 389
383 384 205 385 462 355 386 387 388
383 384 24 385 386 387
383 384 385 261 386 387 388
435 383 384 385 386 462 387 388 389
383 172 384 385 386 387
383 384 385 386 387 473 388 389 390
383 384 385 207 386 387
420 383 384
131 383 384 385 386 387 388 389 390 391
383 384 385 386 387 388
383 384 385 386 387
383 384 191 385 386 387 388 389 390 355
383 384 385 386 387
383 384 385 386 387 388
383 384
383 384 385 386 387 388 389 390 391
383 384 385 386 387 388 389 390 391 392 393
54 383
383 384 385 386 387 388 389
383 384 385 386 387 388 389 449
383 384 385 355 386 387 388 389 390 391
383 384 385 386 387 388 389 390
383 384 385 386 387
383 384 385 386 387 496 388 389 390 391 352
383 384 385 386 387 388 389 390 391 392
281 383
383 384 385 386
383 384
383 323 384 385 386 387 388
383 384
383 384 449 385 386 387 388
383 384 191
383 384 385 386 387 388 389 390 391 392
383 384 385 386 387 388
383 384 385 386 387 388
383 384 118 385 386 387 306 388 7 389
383 384 385
383 384 346 385 386
383 384 385
383 384 47 385 386
383 384 385 386 436 387 306 388 420
383 384 385
383 384
383 384
383 384 441 385 386 86 387 388
25 32
383 384 385 386 387 388
383 384
383 384
383 384 385 386 387
383 384 385 271
383 230 384
383 384 472 385 386 387 388
383 384 385 386 473 387
383 384 385 386 355
383 384 385 386 387 388 389 390 391 392 393
383 384 385 386
383 384 385 386 387 388 389 390 391 447
383 318 384 385 386 131 387 388 389
383 384 385 386 387 388 389 390
383 384 385 205 386 387 388
383 384 452 385 386 392 387 393 388 389
383 384 385 386
383 384 385 386 387 388
383 384 335 385 386 387 388 389 390 391
59 383 110 483 384 385 386 387 388 389 390
383 384 385 386 387 388 389 390 391
383 384 385 386 387
383 384 385 386
383 384 385 386 387 388 389 390 232 391
383 384 191 385 386 387
126 383 384 357 385 386 387 388 389 390 391
383 384 385
383 276
383 384 385 386 49 28 292 387 388 389
383 384 240 310 385
383 375 384 385 386 387 388 389
383 384 385 386 462 211 497
383 384 385 386 387 485 388 389 390
383 384 385 386 387 388 389
383 384 385 386 387 388 389
383 384 207 385 386 387 388 420
383 384 385 176 386 387 4
383 384
383 384 385
285 383 384 385
383 384 385 370 386 387 388 389 390 391
196 383
383 384 385 386 387
383 384 84 385 386 387 352
383 384 385 420 386 387 421 165 388 389
383 384 385 386 387 388 389 390 391 392 393
383 384
383 384 385 386 80 191 387 388
383 384 385 386 387
383 77 384 385 386 387
383 384
383 384 385 386 387 388 389 205 390 391 392
383 384 385 386 387 388
38 383 384 385
455 219 383 479 384
383 384 385 386 462 387 388
383 126 384
383 384 385 386 387 388
383 384 385 386 387 388 389 390 391
383 384 385 386 387 388
383 91 193 384 385 386 387 388 389 390 391
383 384 385
383 384 420
383 384 385 386 387 388 389 390 191 391
383 355 384 385 386 387 388
383 384 385 386 387 388 389 390
383 131 384 385 386 387 388
328 383 384 385 386
383 384 385 386 387 388 389 242 390 391 232
383 384 385 386 387 388 389
383 384 385 386 97 387 388 318
156 383 384 321
383 384 385 205 386 387 420 388 389 390
141 383 384 385 386
383 384 385 386 387 388 389
383 384 385 386 18 387 388 323 389
383 352 384 355 385 386 387 388 389
383 384 385 386 387 388 389
383 384
80 383 315 384
383 384 385 386 261
383 420 384 385 386 387 388 389
131 383 384 385 386 387 388 389 390
383 384 385 386 387 420 388 389 390 391
383 253 384 385 386 387 388 389
383 100
462 383 384 385 386 387 388 389
383 384 385 386 387 388 389 390 391
383 384 385 386 140 387
383 384 385 386 446 387 205 388 389 390 391
383 384 385 462 386 253 273 387 388
383 384 385 386 387 420 388 389 390 391
383 384 385 386 387 176 388 389 390 391 392
383 384
191 383 384 385
383 384 385 386 387 388 362 389
131 383 384 385
383 384 131 385
383 384
383 384 385
383 352 384 385 386
420 383 205 384 306 191 385 386 387 388
383 384 385 386 387
383 384
383 384 385
383 384 368 385
383 384 385 386
383 384 385 386 387
383 384 461 385
383 384
383 384 385 386 387
383 384 385 386 387 388 389
383 384 385 472 386 500 387 388
383 384 176
383 384 385 386
383 384 385 386 387 388 389 390
383 384 385 386 387
214 383
383 384 276 306 385 386 387 388
383 384 385 71 386 387 388 389 390 391 392
383 420 384 385 386 387 388 389 390 391 392
383 384 385 386 387 388 205 389 176
383 384 385 386 387 388 389 390
383 384 385 386
383 384 385 386 387 388 389
171 383 384 385 386 387 388 389 390
383 384 385 386
383 384 385 386 387 388
383 384
383 384 385 386 387 388 389 390
383 384 385
383 285 355 384 385 386
383 384
383 384 385 386 387 388 389 390 391
383 420 384 385 386 387 388
383 384 385 205 386 387 388 389 390
383 384 385 386 387 388 389 390
383 91 384 68 385 386 387
383 384 385 386 387 388 245 389
383 384 385 386 387 388 389 390 391 392
383 384 385 386 285 387
383 97 384 385
383 384 238
383 384 385
383 346 384 385 386 387 388
383 384
383 384 385 386 387
383 384 385 386 387 388
383 384 385 386 156 387 388 389 33 390
383 97 384 385 386
383 384 385 386 387 388 389 390
383 384 87 385 205 386
383 384 385
383 384 385 386 131 387 388 389 390 379
383 384
383 384 385 386 387 388 389 205 390 391
383 384 385 462 386 387 388 389 170 390 391
383 384 385 386 387 388 389 390 391 392 393
360 383
383 384 59 385 386 387 388
383 384 385 386 387 388 389 390
383 384
383 384 385 420 386 387 388 389 390
383 384 385 159 386 387 388 389 390 391
383 384 251 385 386 387
383 384 385 386 387 388 389 390 391
383 384 385 386 387 388 389 390
383 384 385 386 36 387 388 389
383 384 385 386 387
296 383 384 385 386 387 388 389
383 384 385 386 387 388 389 390
383 384 385 386 387 388 389
500 383 42 384 385 386
383 384 385
383 57 384 385 386 387
383 384 385 386 387 388 389 390 391 392
383 384 100 385 386 205 387 388 389 390
383 384 188 249
383 384
383 384 385 386 387
383 384 385 386 387 388 245
383 384
383 384 385 386 387 388 389 29
383 384 385 493 386 154 387
383 384 385 386
383 384 385 386
131 383 384 385 386 387 388 389 390 391
383 35 384 357 385 386
