277 278 7 131
277 45 235 90 278 80 29 348 73 51 150
45 21 499 286 500 212 441 22 168 230 179
315 66 500 282 405 6 343 143
102 430 403 400 21 385
10 144 278 430 175
132 476 466 500
25 351 95 21
277 62 209 278 102 126 499 284 48 279 80
355 499 18 369 81 500
102 499 92 4 21 347 385 5
29 173 90 110 499 15 261 113 341 500
134 43 88 174 205 309 229 21 477 426 310
102 154 488 492
385 62 277 21 187 102 230
277 106 264
497 386
258 254 31 340 320
291 499 286 43 13 275 80 292 182
499 430 445 385 58 414 102 20 73 216
311 21 222 193 102
34 251 182 183 359 499 277 21
277 3 293 324 102 312 62
312 209 238
97 491 338 375 128 472 21 180
275 282 126 57 100 437 421
373 55 485 230
318 385 494 291
102 321 21 409 364 430 247 315
195 8 388 116 297 102 150 499 385
124 282 499 35 277 388 391 185 174
56 202 341 417 499 500 246
73 377 360 174 499 154 180 459 430
80 418 261 456 102
45 277
21 102 499 157 244 185 20 91 500
345 442
100 224 434 343
121 479 83 46
444 211 361
426 230 385 77 43
430 44 198 499 195 385 429 500
102 382 401 245 271 282 275 17 456
499 80 102 22 27
499 277 7 347 278 291 485 500 170
490 73 277 497 51 317 485
499 413 277 31 151 462
499 102 96 103 488 73 322 216 500 5
484 21 315 58 45 5 254 29 386 277
21 351 217 50 227 364 110 218 277 219 20
296 399 110 432 448 288 449 499 154
499 500 70
277 391 3 398 369 457 75 181 392 358 102
385 48 362 31
499 58 109 341 134 493 119 430 237
41 424 208 24
135 185 235 489
34 50 310 14 102 103 456 499 213 457 217
411 360 435 499 368 34 278
5 452 140 179 150
499 213 493 339 304 36 84 80
474 368 277 159
151 314 132
448 252 240
167 102 414 62 383 58 445 329
361 220 119 499 432 58 500
102 438 100 479 298
188 102 241 499 277 86 83 494 103 111 489
409 102 462 110 172 230 499 370 25 181 282
417 240 282 386 277 304 73 125
499 268 347 432 102 69 217 476 238
305 108 427 105 492 451 107 374
392 430 341 126 360 333
244 60 102 323 277 61 282 385 108 287
499 500 493 341 151 166 312
126 499 347 21 277
21 499 482 25 478 334 317 500 338 389 26
334 132 246 102 21 80 106 385 414
202 106 364 192 213 499 385 83 500 468
102 447 268 337 230 185
74 107 499 102 268 228 442 500 159 370
499 500 317 232 36 311 11 360
313 250 83 102 176 60
80 309 446
480 311 102 17 441 440
308 306 492 158
234 499 500 29 155 102 51 86 58
31 265 157 385 251 179 277 437 123
174 107 62 341 331 245 469 70 117 236 418
499 162 102 73 80 277 50
380 21 481 115 377
291 73 93 430 219 441 268 102 385 5
426 352 191 105 202 442 499 46
179 19 437 180 277 385 239
499 500 15 172 78 341 80
21 447 52 442
468 367 80
83 459
487 375 421 374 114 277
301 142 102 259 430
494 474 82 209 210 134 132 437
499 418 377 282 4 385
497 209 111 181 22
102 277
102 155 73 82 228 385 386 360
79 460 388 499
426 224 80
55 179 143 21 499 375 385 180 337 173 440
80 407 353 268 362 347 227 432 37 395 102
230 499 102 277
61 132 499 418 102 196 253 277 265 21
228 324 499 385 250 53
159 277 340
277 345 80 62 321
252 102 360
282 114 102 230 96 277 413 385 479
230 397 386 499 277 500 445 388 154
499 432 182 150 500 430 80 144 264
85 499 311 352 193 80
5 217 230 111 358 499 445 500
187 114 80 482 21 319 377 481
30 10 294 69 309 91 341 282 251
407 57
398 419 445 277 473 173 255
239 499 48 460 179 388 272 249 309 100 79
491 338 315 160 179 341 110 117
238 235 344 282 419 150 179 486 80
45 388 386 225 103 403
228 86 277 229
292 307 347 185 417 366 282 373 291 493 385
128 141 68 84 408
37 101 212
235 419 341 16 217 430
122 149 291 430 268 96 230 335 282 499 500
78 168 386 100 21 387 455 385
86 42 391 447 102 472
277 341
499 5
277 430 481
277 278
323 499 115 285 260 388 80 386 21 255
230 71 45 118 382
400 391 107 82 141 370
499 73 157 226 426 290
104 459
402 217 408 419 275 309 174
100 102 105 360 499 275 103 21 11 299
107 499 132 80 471 61 277 418 500 385
204 26 282 21
419 277 117 21 86 499 75
93 111 137 368 499 237
376 164 333 499 77 128 104 143 21 416 389
499 277 98 102 353 33
58 102 445 499 59 127
409 349 405 82 73 499 500 245 437
499 55 272 268 132 68 282 277 500
284 202 237 78 36 474 209 282
90 449 245 21 121
154 499 80 380 381 457 21 500 458 295
403 90 126 440 360 47 25 138 58 21
143 179 277 361 432 21 248 91 25
277 173 261 278 311 48 356
197 499 102
277 102 91
474 38 207 72 105 182 84 266 21 73
73 74 385
472 354 385
21 291 52 50 292 27 398 431 185
282 132 80 217 277 442 278 499
135 282 442 4 401 499 345
341 124 73 338 255 21 1 22 227
21 25 26 22 111 23 311
497 256 386 14 102
199 430 414 406 350 277
257 388 291 103 341 497 179 178
487 174 266 499 388 154 500 360 451
277 242 444 499 385 196 24
223 418 102 499 80 486 209 311 185
430 356 232 499 393 341 416 154 360 431
16 467 473 341 277
341 21 277 146 162 150 385 22 499 163
282 373 445
133 277 402 162 385 119 318 317 52
111 277 58 103 278
2 499 52
210 470 430 341 143 197
374 413
499 12 403 468 80 167
166 444 253 167 90 234
311 136 80 385 185 492 329 474
499 227 102
102 103 352 434 380 499
311 378
21 19 418
21 282 145 317 295
499 332
282 488 102 70 258 130
361 275 291 230 277 341 428 482
303 385 499 500 315 340 163 21 268 64
454 306 102
373 345 385 143
500 5 80 422 277 499 437 9 265 29 447
217 425
353 460 330 470 209 126 386
202 10 430 132 442 499 100 431 375 432
455 48 95 360 93 289 80 399 485 286
134 230
152 83 364 499 202
494 357 474 341 239 171
55 312 430 355
499 282 247 153
385 430
270 347 455
73 281 35 384 36 306 434 78 85 178 277
251 73 104 499 317
100 277 62 311
62 102 360 240 263 78 141 17 407 432 230
282 388 499 500 231 102 277 367 209 278
116 446
430 499 225 252
128 297
321 83
404 239
20 122 445 281 267 4
315 338 277
66 132 122 21 275 228 383 230 291 493
240 145 366
199 118 21 339 100 425
255 297 407 283 375 338 46 499
166 360 69 311 102 385
277 500 20 342 278 279 230 479
230 385 162 93 353 423 252 102
277 230 250 110 105
451 162 198
385 25 360 271 499 311
319 180 466 131 121
340 377 479 499 500
27 385 195 499
48 174 102 71 217 362 103 173 219
35 277
109 277 40
499 463
73 430 132 277 314 332 278 102 174
311 291 21 52 456 319 499
499 385 391 454
392 300 379
223 132 273 499
59 55 386
479 303 48 162 39 386 373
21 445 499 312 80 28 500 465
282 241
102 103 277 132 278 281 499 318 16 500
499 185 177 299 234 80 293 277 105 233 341
341 67 137 8
277 227 311 499 471 282 103
185 21 22
420 258 404 408 188 58 80 412 102
267 398 38 290 385 73 252
83 395 442
499 277 436 278 120 431 466 180 286 80
499 332 102 440 448 103 500 432 350 144
499 21 25
19 8 356 102 126 277
499 132 459 159 92 116 282 329 250 245
148 202 360 90 368
249 37 284 440 192 110 478 273
28 277
29 80 427 240 451 166 341 198 353
268 386 62 432
346 379 499 14 363 337 282 142
499 500 11 380 97 372 474 308 491
319 500 499 64 456
21 102 277 398 419
230 414 143 68 153 21 430
323 174 132 239
277 359 355 341 226 474
298 419 181 494 46 489
430 73 311 21 209 495 382 44 386
394 62 63 243 277 352 430 499 155 110 377
102 119 19 61 277 282 92 80 150
93 119 499 445 498 21 154 86 231 286 408
379 500 104 437 250 341
499 102 341 282 173 412 267
270 132 275 145
21 282 487 277 225 185 268 278
499 73 345 102 32 172 107 343 367 70
86 223 120 230 325 336 381 211
414 232 102 499
295 345 227 145 450 261 100 499
102 122 213 389 445 277 488 278 72 485 73
159 284 102 282 499 165 361 277 278 357
182 301 499 134 159 445
445 278 265
148 483 256 386 14 235 237 277 446 499 73
239 138 53 240 126 21 41 381 356
277 278 73 373 292 425 185
434 285
223 102 338 103 206 241 179 499 112 461 104
245 153 441 499 481 202 380 186
68 437 107 195 499 110 353
42 419 389 430 418 338 282 269 67
100 313
292 72 499 102 131 228
277 161 338
277 230 499 48
33 433 317 434
191 338
499 185 155 451 500 479 430 442 416
499 158 209 31 102 465 414 500
35 184
132 430 499 186
73 192 102 270
156 13 230
226 341 21
102 277 202 41 46
400 185 335 132 385 386 217
12 89 282 269 73 256 277 278 21
341 102 5 1
52 132 268 133 169 331 82
488 80 416 385 21 236 70 248 22
480 500 207 311 250 162 386
499 277 500 111
47 456 249 100 331
223 449 25 440 102 473 227 277
491 73 173 499 441 84 500 271
102 39 386 144 341 5 277 227 426 334
442 328 219 392 25 277 105 360 160 285 21
102 390 418 499 478 481 280
277 119 140
105 118 341 474 250
401 118 102 179 434 27
487 499 361 436 12 277 426
476 212 93 499 106
1 229 277 327 278 237 71 292 321 499
217 18 474
356 304 458
102 430
499 277 315
484 237 41 107 240 100 111
484 73 479 179 209 499 351 455
279 73
195 458 462 252 358 481 103 123 147
426 102 237 430 468 25 408
102 352 291 467 209 351 389 388 377
363 132 497 300 174 50 268 385 445 386
150 277 399 407
475 464 420 456 21 168 102 461 80 430 210
419 238 262 341 485
355 80 277 21 484 430 103 278 431
11 21 185 73 373 291 100 132 150
385 234 407 386
102 277 341 311 312 485 425 481 21 354 5
26 172 386 27 49 134
462 472 209
388 365 419 445
341 21 375 58 397 121
481 282 395 179 396 469 275 21 420 60
180 447 190 205 277 209 29 90
437 90 456 385 347 370 103 499 261
177 337 432 499 66 21 298 87 98
50 25 82 332 419 163 496 205
25 494 191 499 102 114 230
119 182 25 251 444 499 301 252 285
83 347 242 21 34
145 499 73 102 103 268
102 291 477 333 282 145 499 354 53 230 389
341 130 411 499
275 385 451 146 278
21 353 360 130 241
258 102 40 114 499 317
29 21 50 180 385 22 449 386 277 474
277 487 499 456 217 278 230
428 354 409 240 102
485 113 21 13 311 360 440 83 209 268 312
481 499 385 160 404 391 267 361
268 277 385 453
279 35 66 430 102 419 196
299 486 430 347 277 451 499 268 209 165 500
327 499 385 311 45 291 208 380 42 445
146 50 429 223 263 368 132 175
102 193 277 80 315 85 313 187 275
209 441 93 80
80 386 197 317 129 499 228 5 485
499 396
386 79 52
319 179 499 500 102 407 136 277 301 386
48 455 190
253 353 499 341 475 267 277 111 456 500 102
341 499 102 135 342 363
447 153 222 100 334 413 451
281 77 197 282 358
80 459 490 120 430 81 499 273 472 500
498 261 499 31 120 80 360 443 277 46
273 419 56 499 85 394 252 52 110
102 499
209 337 481 12 228 383
268 277 78 499 265 245 18 73
246 21
398 499 353
78 80
209 277 311 232 386 109 490 192
306 346 499
282 188 419
499 442 420 500 240 67
341 385 277
277 315 318 487 461 266 21
209 429 80 385 213 202 3 499 439
143 282 210 102 361 110 315 196 396 277
487 230
132 499 245 331 360
341 215 162 399 80 499 21 500 482 247 4
444 493 80 270 112 247 499 500
7 385 499 199
102 136 282
282 358 102
223 318 111 21 255 102
430 73 445 440 100 132
102 170 291 114 132 379
39 353 230 80 445 152 179 280
395 305 290 126 182 385 56 277 229
385 292 297 80
21 34 90 313 243
250 445 21 440 50 256 421 277 146 430
73 282 150
474 185 386 325 463 11 385 352 132 196
235 244 311 203 373 499 34 80 73 421 143
277 360 337 102
277 386 278 389
311 78
227 132 105 430 264 238
277 80 499 500 120 278 457 81 386 44 279
417 277 499 403 455 35 250 56 209 315
462 134 277 499 91
159 186 110 361 10 114 430 203 338 38 277
21 52 277 110 144 238 137
101 499 341
291 380 21 157 102 499 275 103 153
499 420 179 14 475
132 277 238 21 282
126 267 334 132 499 437 240
418 434
499 377 277
80 266
120 223 21 11 499 385 22
318 353 277 90
21 81 291
424 277 499 235 394 145 497
418 132 330
282 420 309 74 361 209 100 335
268 21
386 277 282 445 378 184 80 227
360 102 199
179 222 365 255 4 352 207 53
329 21 440 95 108 275 22
89 383 255 132 447 385 240 133 100
241 205 309
403 111 246 245
102 360 422 385 380
126 21 346 453 386 401 419 181 277
102 431
438 315 450 385 219 445 472 104 497 138
69 131 55 230 386 21
276 499 463 374 311 21 14 341 42 500 257
73 13 282 277 278 21 230 241 341 338
499 500 21 217 277 209 281 386 44
255 116 50 115 361 93 385 481 351 277
233 484 190 499 322 437 380
35 459
265 209
428 143 139 255 78 27 445 494
157 499 80 388 426 182 372 500 437 17 21
341 494 277 490 281 115 182 13 282 56 499
185 325 380 105 58 146 500 53 226 21 164
102 437 366 500 344 95 480 392 103 434
273 265 81
499 391 130 80 306
100 140 246 454 232 289
445 293 360
341 471
499 389 209 230
368 437 162 95 73
426 371 102 87 21 217 338
282 230 360 231 438
241 209 352 217 280 361 359 277 311 58 385
306 341 38 102 186 207 368 258 135
277 304 74 101 444 278 32 126 400 102 315
364 230 235 499 460 485
499 403 500 359 282
162 21 130 499 102 281 62 196
464 344 358 282
386 230 499 405 209 100 102 418 296
56 499 95 21
499 252
437 497 418 89 477 110 388 389 268
223 65 380 499 344 100 277 224 383 62 379
339 499 500 268 108 319 11
258 411 499 185 123 80 104
405 59
21 277 185 102 180 266
22 277
