322 459 15 80 189 223
459 492 80 81 341 407
133 394 465 128 127 384
90 394 366 57 26 188
322 98 83 88 251 444
447 463 15 341 127 448
366 18 247 90 91 255
68 13 498 85 412 223
180 473 90 91 127 32
492 333 465 90 127 128
405 88 120 441 29 127
486 489 403 341 247 473
163 261 459 465 90 223
358 80 374 377 29 478
65 133 45 403 88 344
358 52 88 26 223 32
480 310 473 444 127 288
289 485 432 498 276 278
269 366 311 88 90 479
6 233 394 364 127 32
65 133 77 471 473 444
453 486 6 170 342 90
129 452 421 167 127 128
65 449 261 341 374 477
324 133 8 400 90 64
290 15 403 278 215 447
485 465 278 55 127 128
484 74 298 310 247 151
447 233 13 14 335 127
486 104 72 75 88 444
65 133 74 403 473 127
394 11 465 433 407 284
422 201 364 342 90 29
65 353 139 144 88 155
65 261 15 80 239 90
271 18 279 88 90 413
8 80 278 313 444 127
261 233 79 463 341 26
261 247 87 444 127 128
163 366 15 247 216 88
358 471 88 441 444 479
198 400 88 89 216 127
34 35 458 369 402 90
453 144 498 341 439 216
154 91 458 90 283 29
226 483 195 80 52 416
259 8 232 394 138 85
453 454 364 83 374 413
133 13 376 90 444 127
291 133 233 83 447 448
297 74 364 278 215 89
258 447 247 376 127 352
195 498 115 278 285 479
129 453 72 77 88 255
289 236 175 189 223 127
353 245 215 127 223 128
8 176 498 499 88 473
419 395 274 405 279 441
321 357 261 302 310 90
65 133 52 183 90 127
313 498 214 473 444 32
394 395 374 444 127 128
133 459 88 217 90 253
268 175 403 247 157 127
133 364 271 337 59 127
321 465 279 90 127 32
133 8 278 26 32 480
261 269 301 174 467 127
74 139 18 88 191 447
38 479 83 407 127 128
143 370 120 313 124 32
364 274 90 444 413 26
98 230 459 409 282 381
261 485 302 247 473 31
290 15 55 90 444 416
453 268 343 313 154 223
457 403 180 404 405 317
449 200 15 278 477 127
133 233 465 498 403 90
8 310 88 223 127 416
485 236 341 314 223 127
133 465 466 277 278 279
80 247 311 313 223 127
261 8 400 468 90 127
65 290 99 143 278 127
133 261 394 51 88 127
394 465 114 403 406 214
34 268 247 216 127 479
447 6 433 180 90 127
163 133 270 89 127 479
99 325 233 492 269 462
233 74 458 366 181 341
481 370 149 280 250 128
197 261 498 180 88 479
8 269 207 29 447 96
261 8 9 26 127 128
259 85 341 342 376 127
389 133 362 18 247 351
484 229 133 307 278 223
259 109 366 465 341 447
69 394 83 375 216 124
459 304 244 341 90 348
8 107 268 343 413 127
36 240 465 29 479 384
65 482 351 36 90 127
360 233 366 80 127 128
65 133 242 216 26 477
72 233 183 90 189 479
80 147 341 88 223 479
481 485 341 342 88 413
358 331 403 90 318 479
65 133 74 300 374 310
171 180 247 216 29 384
364 367 120 313 90 223
485 394 434 278 127 32
447 72 310 90 127 32
1 259 261 453 371 88
320 459 175 32 127 128
194 326 232 364 90 447
195 8 394 399 247 471
170 394 308 120 444 384
133 479 465 216 282 127
193 233 11 279 90 189
174 114 88 90 444 127
459 11 52 53 124 416
453 133 6 233 465 90
359 140 398 83 217 127
6 390 80 467 374 90
65 165 265 278 223 32
394 403 341 90 189 32
129 232 459 80 127 447
65 66 341 247 62 127
80 465 276 90 251 127
65 465 179 278 127 128
261 104 459 80 403 124
98 459 432 216 382 127
66 197 215 439 127 128
99 6 312 90 447 416
1 453 485 486 127 31
8 232 299 343 250 223
38 105 394 363 45 248
74 459 11 301 366 115
103 265 52 88 223 480
8 215 247 188 223 127
65 261 394 80 278 479
133 261 52 88 89 90
200 400 84 52 278 279
8 433 242 307 479 128
133 106 403 247 473 127
133 203 172 88 29 414
8 74 306 500 310 127
8 233 88 89 479 32
8 364 269 465 349 32
394 364 465 317 127 416
133 15 118 278 157 127
8 11 80 498 499 127
65 33 232 88 347 32
233 247 216 88 127 128
332 465 371 52 278 443
261 15 341 88 127 128
91 17 343 90 475 127
133 261 52 117 88 120
33 133 134 400 471 88
69 150 152 216 29 478
300 241 88 413 127 320
65 161 498 278 342 223
451 485 294 80 403 32
1 261 262 358 368 444
459 465 180 90 127 447
8 82 247 24 222 415
1 483 465 403 83 285
11 83 84 311 350 127
493 77 432 310 90 127
65 144 432 90 91 223
290 136 459 175 88 90
65 163 364 366 88 347
133 454 264 91 127 416
8 10 366 47 279 376
258 447 333 155 444 127
36 133 298 266 90 255
322 74 214 189 127 480
133 233 88 90 223 127
261 391 202 140 149 247
8 364 311 279 473 474
1 5 341 88 473 94
264 144 113 279 90 223
133 8 307 348 127 128
129 197 459 465 473 127
133 394 77 88 26 447
453 485 394 302 90 91
419 170 26 124 62 479
297 82 498 214 189 223
41 301 15 341 342 90
193 7 465 404 90 319
324 341 278 90 447 448
301 238 400 80 433 127
91 268 88 90 216 444
418 8 15 90 127 383
8 9 465 402 341 127
228 8 394 18 150 88
447 8 498 216 26 127
161 8 52 32 95 384
261 262 394 493 90 447
129 246 184 26 127 128
197 233 307 313 90 127
261 493 279 90 251 189
485 465 52 343 253 127
8 366 52 88 127 32
230 210 469 247 447 384
133 465 341 215 90 444
335 466 413 90 189 127
201 74 459 431 144 52
65 356 453 268 88 29
65 260 8 279 444 352
133 8 278 247 127 416
394 299 341 215 440 90
65 34 8 307 29 479
197 455 374 247 88 91
37 268 279 90 479 384
133 134 232 83 88 376
8 45 109 465 19 319
319 133 209 114 52 479
479 105 266 15 90 127
495 273 310 313 90 447
453 6 364 466 88 91
65 66 67 465 278 88
99 197 133 485 471 127
65 329 367 307 223 127
374 88 89 474 127 26
451 389 261 52 127 128
10 459 339 341 88 413
268 80 81 404 186 479
164 133 8 9 174 416
65 133 198 134 6 223
8 80 403 310 376 256
232 274 405 278 127 384
384 238 307 341 127 128
80 403 52 88 473 447
98 67 133 307 223 127
39 205 376 26 188 127
65 195 8 78 55 216
232 115 90 413 127 128
358 492 247 90 475 384
394 364 402 115 90 91
291 6 328 175 146 341
292 366 465 405 127 128
322 80 336 341 444 127
400 80 81 279 88 474
8 9 376 216 189 447
259 485 358 364 80 413
35 360 88 216 90 91
321 322 68 109 312 90
194 133 394 465 90 127
261 8 201 394 243 278
131 261 77 466 88 57
65 268 278 127 30 479
394 492 303 463 120 90
453 403 279 473 413 479
8 15 50 402 278 447
233 464 177 498 278 247
485 144 400 55 88 447
166 80 498 150 476 127
419 133 424 401 52 90
133 50 180 90 444 29
107 110 403 341 88 313
65 453 278 88 127 383
419 133 134 465 349 32
127 8 83 213 91 447
447 15 26 155 127 448
141 111 307 278 88 127
197 80 465 371 374 444
65 165 232 83 127 128
485 327 471 26 90 127
485 231 180 89 90 188
2 453 199 14 403 447
65 2 335 339 90 127
457 77 403 53 127 256
8 233 143 144 80 24
65 419 15 90 447 32
50 407 90 285 127 128
290 424 307 88 473 312
426 465 52 278 247 124
193 419 261 341 247 127
138 362 205 346 127 32
259 8 459 14 188 384
133 11 210 307 53 310
245 247 255 121 216 319
74 272 341 88 223 127
8 233 269 400 310 444
65 8 74 394 247 120
465 181 127 223 447 32
65 36 465 466 403 444
451 465 306 147 53 127
8 80 444 90 124 127
195 99 83 179 407 185
36 80 83 90 127 128
195 486 120 88 216 89
327 232 104 214 376 447
77 465 307 216 124 223
65 163 451 139 95 447
261 232 52 88 409 90
133 261 459 465 278 447
99 394 310 247 90 255
33 259 278 279 186 447
261 327 403 117 341 88
485 172 301 366 336 26
8 310 444 32 127 128
259 100 260 80 498 376
453 261 262 498 341 29
419 15 16 435 310 256
199 364 307 52 53 90
195 419 174 15 83 310
165 278 375 88 319 384
163 453 485 459 88 127
133 199 403 278 313 382
8 214 90 223 127 384
194 72 400 465 127 31
8 394 46 247 88 444
257 68 261 493 52 212
419 133 8 400 314 189
258 78 403 310 247 26
392 394 80 307 376 447
129 194 8 341 344 127
403 211 53 278 122 349
322 261 384 234 314 32
292 52 21 57 127 32
322 80 400 310 216 127
65 322 233 400 88 127
129 80 278 29 30 447
37 83 247 216 218 252
133 485 134 199 384 96
261 394 341 342 91 127
322 261 405 88 26 127
65 322 419 485 112 403
133 453 74 394 366 22
403 31 90 91 350 127
415 447 465 348 127 32
133 134 135 233 127 128
322 387 474 243 90 128
418 268 83 55 441 154
453 358 178 54 127 447
261 447 264 265 127 479
65 66 465 216 413 32
339 404 341 88 26 416
366 206 280 154 411 32
38 395 460 80 278 448
65 162 485 341 278 31
103 335 83 247 127 479
465 308 247 311 57 90
194 83 247 216 90 444
322 77 181 341 90 128
479 278 279 90 127 32
9 268 77 465 50 247
133 170 430 498 120 127
341 310 88 90 127 447
261 394 18 26 127 128
227 268 83 247 88 127
400 144 341 85 313 127
65 394 335 80 374 223
418 174 400 52 88 280
133 8 83 339 403 90
394 11 341 413 444 445
8 366 88 472 90 189
236 20 473 154 127 128
65 264 72 74 467 127
291 70 499 347 127 96
283 269 347 60 127 128
424 15 400 403 285 127
268 205 52 88 90 447
465 115 374 247 250 256
232 52 405 54 150 127
8 268 373 310 278 311
420 293 400 341 444 222
233 362 403 374 90 29
321 133 453 370 349 32
322 133 341 88 444 127
358 247 376 90 127 479
453 74 400 50 278 473
385 133 236 109 89 384
14 498 82 341 90 32
65 72 15 111 278 32
1 216 89 90 29 447
449 15 55 408 247 127
14 465 277 127 191 416
163 259 11 465 89 127
8 233 307 276 223 256
258 133 403 247 90 285
233 175 341 29 127 128
65 67 268 84 341 120
394 410 364 117 473 26
417 232 364 341 120 127
163 388 80 55 26 127
65 323 341 374 477 160
453 403 310 247 119 411
421 447 80 465 127 448
140 78 88 185 90 127
225 131 232 405 56 319
292 8 366 430 80 127
233 107 268 90 223 288
8 77 400 498 243 124
261 496 402 467 52 90
137 278 247 88 219 127
261 366 14 466 404 88
65 268 432 439 90 447
65 392 233 366 339 446
353 133 341 223 127 384
197 327 120 473 447 384
289 133 233 214 278 382
261 479 216 32 127 128
334 304 405 278 313 90
65 323 232 205 335 90
419 392 232 80 26 223
453 261 198 465 376 444
322 485 361 307 88 26
258 405 88 92 376 32
421 261 394 247 444 477
163 358 8 271 53 223
163 166 358 78 56 474
65 389 216 90 189 127
261 138 403 88 127 128
37 268 269 382 127 480
421 241 83 88 29 223
257 394 77 465 498 216
65 419 394 171 88 32
103 80 216 155 444 32
322 226 390 394 498 341
481 355 52 341 90 444
77 307 278 87 313 287
232 74 174 88 89 379
322 323 268 88 90 32
268 466 88 90 252 32
232 207 341 342 88 127
101 394 433 278 90 127
8 394 467 310 127 223
65 473 348 216 313 124
65 322 8 138 394 127
34 174 278 374 247 127
233 53 278 26 27 447
485 403 214 278 444 126
65 403 439 473 91 127
43 247 88 90 447 416
428 241 278 216 127 64
240 403 341 310 247 32
65 419 69 459 310 444
389 90 32 222 127 384
261 394 205 247 88 447
268 15 307 403 88 26
65 258 133 88 89 223
392 364 436 94 127 384
162 486 310 216 90 91
261 403 52 247 473 127
133 233 342 214 63 32
40 394 108 465 278 127
133 15 307 308 89 90
4 8 394 331 364 32
459 498 278 88 442 479
131 35 465 441 477 32
80 216 90 251 223 26
366 80 465 88 90 32
449 65 262 232 376 90
65 261 8 74 90 447
225 51 88 441 63 448
394 432 83 442 127 128
390 459 303 403 374 375
8 465 305 88 127 32
194 256 485 247 447 448
133 479 265 302 466 127
173 465 278 90 127 384
8 9 467 52 278 89
453 358 8 444 222 447
417 74 144 90 158 31
450 214 88 90 223 32
268 14 80 341 88 192
451 261 453 460 88 251
403 473 127 444 191 480
356 453 403 189 127 128
453 447 454 433 88 127
99 133 74 336 341 120
459 52 341 342 127 128
322 387 81 466 150 250
65 195 38 74 124 127
473 74 407 247 89 32
232 328 394 80 247 412
261 80 310 375 285 127
392 8 374 216 189 127
290 133 80 403 52 90
163 199 170 394 403 29
481 290 323 324 269 56
233 144 83 84 341 247
65 133 8 48 465 275
261 392 8 364 280 90
261 133 364 366 124 127
453 133 41 247 88 189
65 498 471 88 127 128
65 15 403 52 216 90
80 465 241 127 189 223
105 80 403 88 120 89
484 485 232 465 343 88
8 268 341 90 349 26
74 332 278 88 474 32
