132 208 316 88 120 252
353 40 299 235 14 286
488 426 79 311 94 256
392 363 22 375 219 316
366 19 470 87 88 123
199 200 247 89 158 32
91 9 41 491 240 443
468 52 25 64 319 96
353 132 199 336 245 32
40 490 79 305 51 310
67 69 499 115 437 64
490 107 466 86 154 316
226 67 261 393 77 117
336 115 116 54 312 32
100 142 335 176 22 123
484 199 40 339 182 377
199 394 336 500 380 64
132 433 471 439 285 255
67 336 23 375 57 26
7 45 400 48 115 185
293 361 179 371 339 119
354 38 204 339 115 471
195 101 134 442 154 415
226 394 116 308 158 414
353 484 132 304 499 115
35 427 301 50 179 120
355 420 364 470 218 159
385 199 40 361 111 147
67 107 496 176 336 223
67 263 136 110 48 179
355 67 12 439 414 319
2 328 267 111 379 316
1 338 243 339 377 318
259 67 490 301 339 123
322 102 231 334 240 48
38 430 143 336 339 94
34 7 490 498 375 94
356 421 105 301 16 247
67 231 233 305 115 186
67 366 435 115 339 185
389 332 52 120 474 32
67 389 428 466 246 156
490 301 211 52 477 94
267 301 275 20 377 124
41 303 50 115 181 127
353 67 68 197 166 346
40 336 466 371 52 189
67 134 320 439 252 32
230 10 339 375 61 94
67 420 292 177 410 352
258 395 461 14 439 62
364 176 210 23 476 94
353 132 298 179 86 155
67 490 375 215 377 155
258 264 61 247 89 253
207 115 375 218 93 94
35 100 107 48 58 348
258 4 199 173 144 370
296 457 458 272 208 439
42 107 74 15 273 243
1 15 48 272 339 443
40 304 55 409 314 94
490 207 336 54 121 416
353 41 42 439 91 319
292 8 14 111 207 112
130 10 395 17 439 127
269 499 346 123 189 95
353 194 67 38 217 94
35 48 316 94 159 160
66 109 301 339 86 287
35 133 242 339 375 32
35 336 337 148 375 217
257 67 389 41 145 339
100 172 339 115 437 157
67 68 3 10 117 159
293 206 499 52 249 253
40 145 18 115 309 159
353 67 305 339 249 446
455 295 205 52 181 406
134 394 301 152 316 190
452 73 48 336 346 382
67 12 339 115 286 128
452 272 19 470 32 256
169 236 301 432 178 151
353 295 269 339 250 32
12 398 305 375 61 32
258 74 80 305 179 339
353 100 48 339 439 319
233 17 339 340 437 57
357 457 107 339 404 379
113 339 84 345 286 32
129 171 54 313 90 128
161 289 48 305 339 284
205 143 240 19 439 95
485 199 264 242 445 94
423 10 460 273 339 115
77 48 242 115 117 285
67 100 199 200 123 255
329 402 274 117 280 189
227 167 10 332 52 219
100 101 9 41 172 86
33 291 72 44 317 32
67 4 355 339 115 160
401 402 84 372 86 120
357 336 81 468 343 410
354 67 138 48 400 19
193 67 133 103 403 23
67 389 41 373 346 94
481 38 234 149 252 192
67 452 466 243 244 23
418 136 428 48 432 94
67 296 48 339 470 128
67 48 49 339 52 64
199 10 491 14 25 317
130 395 176 406 280 255
353 377 336 17 441 158
353 490 364 460 439 249
419 301 48 305 112 339
419 67 453 341 121 126
397 48 147 339 439 127
391 336 339 469 149 222
353 354 486 236 147 375
67 40 243 499 254 128
199 208 465 115 84 52
354 166 80 439 317 94
131 295 233 201 301 318
35 138 336 50 439 252
353 303 48 439 88 475
67 68 6 7 395 254
234 339 372 115 469 123
130 324 199 457 19 245
461 209 339 439 407 411
34 359 177 466 339 243
354 134 41 336 278 408
195 388 41 52 32 64
353 38 233 395 16 319
67 100 305 346 284 158
428 269 20 26 157 128
161 10 336 145 91 445
259 13 432 115 148 375
258 484 111 339 443 316
353 336 401 466 339 159
353 355 139 301 48 478
353 354 140 461 213 29
252 339 278 26 283 60
130 100 486 233 490 160
132 264 329 338 147 500
426 107 82 243 499 413
67 437 186 187 446 319
453 38 390 232 429 381
353 258 133 240 439 222
353 199 305 87 378 445
448 171 111 399 351 128
226 67 260 35 28 128
132 102 269 16 375 256
67 269 496 241 375 155
257 132 100 26 91 476
67 8 301 16 339 372
483 358 140 48 339 149
353 354 111 181 316 94
193 41 233 115 474 30
353 169 395 336 115 61
420 358 424 273 242 316
100 297 236 339 52 438
488 10 336 406 439 54
293 261 169 189 316 221
301 48 115 439 440 378
440 86 343 439 447 32
67 301 79 372 308 25
67 100 8 145 313 156
35 73 298 437 245 246
353 354 16 86 439 158
132 263 361 269 240 61
67 68 488 173 48 32
67 391 111 48 212 120
353 323 68 485 48 249
485 329 496 339 93 448
1 389 334 336 339 318
301 111 242 499 123 223
35 328 490 400 54 23
193 100 389 111 380 32
67 41 10 300 243 316
295 108 339 243 375 32
65 200 496 19 308 320
35 329 458 46 495 380
330 138 48 336 246 381
10 366 271 500 246 375
353 166 200 147 159 319
97 456 339 52 372 310
353 418 100 242 499 447
353 355 199 240 339 253
67 68 264 497 243 19
67 42 333 334 86 375
482 196 241 375 446 191
482 102 199 115 246 87
353 301 276 151 409 94
10 235 498 339 442 128
47 496 115 23 439 319
453 86 439 90 380 94
249 340 52 409 220 221
392 301 334 115 116 54
166 240 145 464 336 250
490 365 339 83 246 154
132 8 280 315 287 32
67 234 204 141 249 192
387 336 400 371 500 343
418 4 133 301 176 318
141 496 244 278 446 128
353 455 46 496 115 116
67 256 11 146 339 224
35 67 139 115 339 54
67 91 295 490 249 443
389 295 296 396 338 221
103 168 8 395 176 378
336 48 435 83 181 250
67 395 12 437 249 64
68 111 434 500 181 320
483 199 300 431 310 94
67 433 115 339 470 285
97 457 464 115 408 94
329 48 118 375 408 94
67 488 395 305 115 316
67 142 439 445 94 128
201 47 48 375 26 189
389 368 243 375 345 382
35 100 41 495 475 253
67 47 496 339 185 62
33 100 48 113 375 313
393 339 54 218 446 32
70 295 150 87 474 254
418 36 166 358 264 366
289 361 463 58 285 254
132 11 204 464 305 410
353 264 48 336 466 318
387 166 199 47 437 181
354 359 106 375 152 91
67 40 399 48 405 349
67 35 81 434 151 59
292 301 80 466 115 375
100 103 39 142 500 439
100 101 447 10 404 159
332 156 243 470 315 316
240 403 215 439 316 222
199 41 301 270 310 439
449 35 169 110 339 439
484 407 190 27 94 319
325 199 115 499 310 375
456 47 111 439 123 159
353 77 371 439 60 447
298 439 316 94 95 32
490 492 16 115 88 184
67 165 48 246 443 286
201 370 339 221 382 319
67 40 41 463 52 53
162 452 327 496 242 339
67 68 485 44 403 379
35 67 74 439 375 91
364 155 316 253 64 32
100 491 500 375 472 313
488 489 394 9 269 79
225 48 400 243 115 52
65 260 101 424 151 29
67 454 272 214 218 95
354 41 42 112 499 152
323 301 309 85 123 32
421 305 115 375 439 119
418 48 20 89 218 128
9 301 366 367 243 253
98 67 68 395 45 143
71 492 142 335 176 48
482 130 231 71 145 243
67 35 323 427 406 94
327 330 339 308 439 443
33 139 48 340 123 29
67 361 298 46 243 339
67 110 343 127 446 415
353 484 199 428 466 23
354 67 105 10 139 212
100 199 277 246 118 127
354 16 467 243 341 86
163 67 68 328 176 439
200 301 240 499 339 375
7 73 490 177 310 439
300 48 466 375 440 444
226 67 292 332 149 185
67 48 16 149 440 32
67 262 199 360 427 214
67 389 38 295 490 32
67 490 74 204 84 315
67 131 301 241 283 94
100 244 151 127 319 32
385 289 67 490 301 115
35 67 16 439 440 123
41 375 439 87 88 376
259 67 68 199 108 32
8 170 308 381 446 288
67 74 301 476 94 32
354 228 453 270 439 254
67 68 69 138 48 16
193 67 395 300 437 183
166 490 10 332 15 222
387 35 439 316 317 94
449 229 327 301 111 19
489 105 238 174 439 383
65 483 461 437 124 448
67 100 9 361 435 155
40 17 64 94 414 32
100 230 199 200 400 160
130 356 100 103 115 128
328 77 16 243 153 32
353 389 328 464 500 409
166 264 104 490 77 375
166 199 42 490 111 448
353 334 48 144 439 89
133 199 72 57 123 32
67 307 189 117 125 94
77 206 49 115 151 439
226 130 424 208 339 244
67 100 68 336 125 32
134 490 207 437 21 352
353 100 264 86 413 94
482 8 42 173 111 404
195 138 490 176 245 439
98 19 375 439 376 384
225 100 305 339 115 287
67 10 79 375 316 285
353 233 490 499 437 282
418 132 334 48 339 223
67 68 201 490 429 416
353 324 208 339 406 382
362 203 372 406 151 318
11 431 48 16 243 30
195 132 303 209 115 94
449 105 74 399 439 94
200 490 174 432 316 189
353 233 17 345 32 224
102 422 41 458 52 217
353 205 49 339 308 256
198 233 10 206 281 64
329 268 109 61 431 221
353 10 16 405 277 283
395 461 397 20 149 316
74 374 310 121 316 256
67 15 240 113 32 128
67 100 41 301 305 346
40 301 22 377 62 32
496 339 468 437 115 350
67 100 41 77 28 445
391 328 10 466 86 381
33 71 467 309 445 32
264 209 307 339 86 94
490 492 142 464 48 88
133 10 11 239 146 339
408 389 173 52 376 94
430 178 340 439 410 128
67 135 115 339 116 446
130 67 68 389 301 26
353 10 305 184 284 32
67 41 336 499 147 32
74 138 395 304 86 439
67 166 488 302 152 217
131 199 74 115 375 316
322 138 48 375 24 318
259 100 439 475 220 159
71 395 46 499 343 473
353 67 45 375 62 64
199 200 395 300 339 474
164 427 139 301 496 94
258 422 432 241 243 375
321 74 243 52 471 251
418 79 15 466 339 448
236 146 372 151 473 319
353 199 423 329 339 316
165 48 402 151 218 64
292 464 400 336 57 128
353 395 369 439 251 316
100 357 486 41 25 26
353 389 10 339 159 64
295 199 10 336 404 219
321 97 48 243 339 375
46 16 240 310 32 448
67 355 199 10 318 479
67 36 338 499 437 379
171 339 117 470 442 480
353 161 48 16 243 123
67 232 398 339 437 314
161 355 210 339 376 346
485 200 43 243 339 255
353 495 339 246 94 159
357 424 425 48 184 448
353 270 48 339 446 159
357 487 334 401 117 91
270 496 115 181 86 381
225 38 493 496 470 246
269 110 465 115 244 411
67 107 309 56 127 480
353 193 132 114 115 116
67 390 11 243 123 156
67 68 275 52 469 375
194 67 359 41 377 128
67 199 339 439 186 159
100 9 45 242 339 190
36 71 366 48 309 346
234 15 48 375 186 155
294 362 10 141 437 125
323 16 212 53 374 349
67 365 81 339 439 120
8 365 51 444 223 127
225 41 336 439 219 92
67 297 141 377 123 316
299 16 48 375 376 377
337 115 500 218 446 64
2 67 325 41 301 253
10 11 339 52 439 315
35 326 115 117 29 382
353 41 16 468 406 125
106 431 240 338 372 86
67 171 111 16 246 410
391 10 58 156 189 31
353 357 41 83 381 318
161 387 136 303 439 221
291 329 496 57 349 478
199 240 336 243 339 32
11 48 435 214 439 219
417 418 388 358 10 495
67 37 74 109 402 375
65 329 336 246 60 94
67 490 14 336 466 115
135 238 337 339 159 160
353 301 48 279 443 224
353 354 115 218 316 159
332 142 48 178 115 350
386 105 42 47 316 95
35 67 133 198 249 218
257 67 291 181 439 316
8 10 410 207 186 316
41 10 375 119 446 287
353 67 195 166 111 240
67 41 46 499 500 313
353 354 488 400 408 64
337 118 439 94 223 160
67 355 139 301 154 348
295 490 43 108 88 376
267 339 26 219 316 94
67 138 395 46 238 339
165 199 424 233 200 125
289 353 263 361 495 187
173 434 246 120 444 94
71 495 52 117 190 446
154 491 269 399 90 26
449 428 495 339 86 32
37 299 236 115 84 255
193 194 35 67 45 338
67 454 10 114 18 445
486 308 249 250 94 224
353 79 243 148 470 439
67 68 266 364 336 470
67 68 74 364 431 64
198 246 249 348 381 319
353 258 289 243 314 254
353 489 74 138 351 128
358 455 490 492 375 349
16 305 466 439 440 185
301 241 52 310 375 217
323 117 380 94 319 32
39 268 48 466 318 159
67 199 236 111 239 310
490 10 106 491 336 277
67 41 170 339 54 55
449 262 199 136 427 301
465 243 372 53 61 319
197 102 496 339 275 381
67 35 333 399 16 95
98 76 269 335 157 351
130 455 168 336 305 439
67 137 395 212 375 250
67 68 334 367 15 30
257 67 68 177 316 351
354 169 395 430 83 245
326 295 297 78 114 439
164 332 367 310 346 32
67 107 339 340 375 128
164 10 474 302 346 32
33 67 99 269 278 32
353 417 169 495 48 243
161 35 67 48 19 439
354 199 104 315 340 123
353 337 53 470 216 89
233 142 271 339 150 444
100 10 44 19 470 222
100 332 273 375 124 319
101 340 149 316 317 190
67 16 178 60 61 415
199 41 12 466 283 159
34 100 40 175 242 115
353 142 80 48 243 94
105 298 11 466 437 282
10 301 48 336 466 439
291 136 431 47 91 29
353 67 357 438 439 91
